10 - 0,577334
20 - 1,15467
30 - 1,66785
40 - 2,05274
50 - 2,69422
60 - 3,01497
70 - 3,5923
80 - 3,91304
90 - 6,02993
100 - 5,06771
110 - 5,38845
120 - 6,02993
130 - 6,73556
140 - 6,41482
150 - 6,73556
160 - 7,1846
170 - 7,50534
180 - 8,01853
190 - 8,40342
200 - 8,85245
210 - 8,98075
220 - 9,42979
230 - 9,87882
240 - 10,2637
250 - 10,7128
260 - 10,7769
270 - 11,2901
280 - 11,3542
290 - 11,8674
300 - 12,3806
310 - 12,7655
320 - 13,0862
330 - 13,1504
340 - 13,7919
350 - 14,2409
360 - 14,4333
370 - 14,8824
380 - 14,8824
390 - 15,2031
400 - 15,8446
410 - 16,2295
420 - 16,3578
430 - 16,871
440 - 17,1276
450 - 20,335
460 - 17,8332
470 - 18,2822
480 - 18,2181
490 - 19,052
500 - 19,1162
