10 - 0,513186
20 - 0,833927
30 - 0,833927
40 - 1,02637
50 - 1,47541
60 - 1,79615
70 - 1,41126
80 - 1,60371
90 - 1,732
100 - 1,98859
110 - 2,82252
120 - 2,24519
130 - 2,50178
140 - 2,56593
150 - 2,63008
160 - 2,95082
170 - 4,04134
180 - 3,27156
190 - 3,33571
200 - 3,5923
210 - 3,78474
220 - 3,91304
230 - 3,97719
240 - 6,79971
250 - 4,29793
260 - 4,61867
270 - 4,61867
280 - 4,93941
290 - 4,87526
300 - 5,13186
310 - 8,85245
320 - 5,38845
330 - 5,70919
340 - 5,83749
350 - 6,02993
360 - 6,15823
370 - 6,28652
380 - 6,54312
390 - 6,47897
400 - 6,79971
410 - 6,92801
420 - 10,9052
430 - 7,1846
440 - 7,24875
450 - 7,69778
460 - 7,82608
470 - 7,82608
480 - 7,82608
490 - 8,01853
500 - 8,33927
