10 - 0,769778
20 - 1,21882
30 - 1,28296
40 - 1,732
50 - 1,92445
60 - 2,24519
70 - 2,30934
80 - 2,75837
90 - 3,07911
100 - 3,20741
110 - 3,5923
120 - 4,93941
130 - 4,04134
140 - 4,16963
150 - 4,55452
160 - 4,61867
170 - 5,00356
180 - 5,3243
190 - 5,38845
200 - 5,70919
210 - 5,90164
220 - 6,15823
230 - 6,67141
240 - 6,73556
250 - 7,0563
260 - 7,3129
270 - 7,50534
280 - 7,69778
290 - 8,01853
300 - 8,14682
310 - 11,9957
320 - 8,72416
330 - 8,9166
340 - 9,36564
350 - 14,1126
360 - 13,856
370 - 14,4975
380 - 10,392
390 - 10,392
400 - 16,3578
410 - 10,9693
420 - 11,4184
430 - 11,5467
440 - 11,675
450 - 12,124
460 - 12,3806
470 - 12,8296
480 - 12,8938
490 - 13,2145
500 - 13,2787
