20 - 1,09052
40 - 2,11689
60 - 3,78474
80 - 4,42622
100 - 5,45259
120 - 6,60725
140 - 7,69777
160 - 12,7013
180 - 13,9843
200 - 21,4255
220 - 21,8103
240 - 23,4782
260 - 24,4404
280 - 16,1012
300 - 28,6742
320 - 18,0256
340 - 21,1689
360 - 23,5423
380 - 22,8367
400 - 25,8517
420 - 26,429
440 - 26,3649
460 - 27,7761
480 - 22,0028
500 - 30,9194
520 - 23,6065
540 - 25,2102
560 - 26,3007
580 - 35,4739
600 - 28,8666
620 - 29,1874
640 - 29,6364
660 - 30,9194
680 - 43,5565
700 - 52,0882
720 - 34,1909
740 - 70,178
760 - 37,9757
780 - 36,8851
800 - 49,394
820 - 39,7718
840 - 40,7982
860 - 59,9143
880 - 42,9151
900 - 60,2351
920 - 44,3905
940 - 64,6613
960 - 48,6242
980 - 51,126
1000 - 66,9065
20 - 0.769777
40 - 2.18103
60 - 2.37348
80 - 4.36207
100 - 5.58088
120 - 5.90162
140 - 8.01851
160 - 9.10903
180 - 9.49392
200 - 17.5124
220 - 13.2145
240 - 14.1126
260 - 15.6521
280 - 25.2743
300 - 18.6029
320 - 13.5994
340 - 14.6258
360 - 15.9729
380 - 18.6029
400 - 18.2822
420 - 18.5388
440 - 19.8859
460 - 20.7198
480 - 21.5538
500 - 23.4141
520 - 32.5872
540 - 35.6663
560 - 35.7305
580 - 31.176
600 - 39.7718
620 - 41.4397
640 - 41.3755
660 - 30.9194
680 - 32.5872
700 - 33.2287
720 - 34.5758
740 - 35.0249
760 - 51.0619
780 - 43.4924
800 - 38.0398
820 - 39.9001
840 - 62.9934
860 - 40.7982
880 - 46.8922
900 - 55.4239
920 - 48.4318
940 - 54.5259
960 - 62.4802
980 - 66.9065
1000 - 48.1111
