10 - 0,962223
20 - 1,732
30 - 2,18104
40 - 2,11689
50 - 2,95082
60 - 4,42623
70 - 3,464
80 - 5,4526
90 - 4,29793
100 - 4,74697
110 - 5,06771
120 - 5,58089
130 - 6,02993
140 - 6,60727
150 - 7,12045
160 - 8,01853
170 - 7,76193
180 - 8,21097
190 - 8,59586
200 - 9,10905
210 - 9,55808
220 - 9,94297
230 - 10,392
240 - 10,9052
250 - 11,5467
260 - 11,8674
270 - 12,1882
280 - 12,573
290 - 13,3428
300 - 16,2295
310 - 14,0485
320 - 14,3692
330 - 14,8182
340 - 15,2673
350 - 15,7163
360 - 27,3271
370 - 16,9993
380 - 17,5766
390 - 25,1461
400 - 17,9615
410 - 18,4105
420 - 18,7313
430 - 19,3728
440 - 19,5652
450 - 20,0784
460 - 20,5274
470 - 20,9765
480 - 21,4255
490 - 21,8745
500 - 22,2594
