10 - 1,28296
20 - 1,60371
10 - 1,47541
20 - 2,63008
10 - 0,833927
20 - 1,21882
30 - 1,66785
40 - 2,11689
50 - 2,56593
60 - 2,95082
70 - 3,39986
80 - 3,91304
90 - 4,29793
100 - 4,68282
110 - 5,13186
120 - 5,64504
130 - 6,02993
140 - 6,41482
150 - 7,0563
160 - 8,27512
170 - 7,76193
180 - 8,21097
190 - 8,66001
200 - 9,10905
210 - 9,55808
220 - 10,0713
230 - 10,4562
240 - 13,5353
250 - 11,3542
260 - 11,8033
270 - 12,1882
280 - 22,067
290 - 13,1504
300 - 13,5353
310 - 13,9843
320 - 14,3692
330 - 14,8824
340 - 15,3314
350 - 15,588
360 - 16,1653
370 - 16,5502
380 - 17,1276
390 - 17,5766
400 - 17,7691
410 - 18,2822
420 - 18,9879
430 - 22,0028
440 - 19,6294
450 - 20,0784
460 - 20,4633
470 - 20,9123
480 - 21,4255
490 - 21,8104
500 - 22,2594
