10 - 1,09052
20 - 1,21882
30 - 2,43763
40 - 2,11689
50 - 2,50178
60 - 3,14326
70 - 3,39986
80 - 3,91304
90 - 6,41482
100 - 4,81112
110 - 5,196
120 - 17,32
130 - 9,0449
140 - 6,41482
150 - 7,12045
160 - 8,53171
170 - 7,82608
180 - 8,27512
190 - 8,66001
200 - 9,10905
210 - 9,55808
220 - 10,0713
230 - 10,3279
240 - 10,9052
250 - 14,1126
260 - 11,7391
270 - 12,3165
280 - 12,7013
290 - 13,1504
300 - 13,5994
310 - 13,9202
320 - 14,4333
330 - 14,9465
340 - 22,516
350 - 18,0898
360 - 16,2295
370 - 16,6144
380 - 17,0634
390 - 20,5274
400 - 17,8332
410 - 18,3464
420 - 18,7313
430 - 19,3086
440 - 19,6935
450 - 20,0784
460 - 20,4633
470 - 20,9765
480 - 21,3614
490 - 21,9387
500 - 22,2594
