10 - 0,898075
20 - 1,60371
30 - 1,34711
40 - 1,79615
50 - 3,01497
60 - 2,50178
70 - 2,82252
80 - 3,27156
90 - 4,93941
100 - 3,84889
110 - 6,41482
120 - 4,55452
130 - 4,87526
140 - 5,196
150 - 5,58089
160 - 5,96578
170 - 6,28652
180 - 6,67141
190 - 7,0563
200 - 7,3129
210 - 7,76193
220 - 8,14682
230 - 8,46756
240 - 8,7883
250 - 9,17319
260 - 9,49393
270 - 9,81468
280 - 10,1996
290 - 10,5845
300 - 10,9052
310 - 11,2259
320 - 11,6108
330 - 13,7919
340 - 12,3165
350 - 12,6372
360 - 13,0862
370 - 13,5353
380 - 13,7277
390 - 14,0485
400 - 14,3692
410 - 14,8824
420 - 15,139
430 - 15,5239
440 - 15,8446
450 - 16,2295
460 - 16,6144
470 - 16,9351
480 - 17,3842
490 - 34,3193
500 - 22,4519
