10 -> 67,7403
20 -> 76,7852
30 -> 89,1658
40 -> 175,317
50 -> 166,913
60 -> 183,079
70 -> 171,468
80 -> 187,954
90 -> 175,317
100 -> 179,486
110 -> 177,69
110 -> 175,573
120 -> 114,055
130 -> 185,388
140 -> 163,578
150 -> 196,55
160 -> 175,445
170 -> 170,185
180 -> 142,152
190 -> 144,141
200 -> 169,094
210 -> 170,698
220 -> 109,565
230 -> 165,438
240 -> 176,728
250 -> 181,539
260 -> 176,535
270 -> 172,43
280 -> 173,2
290 -> 168,453
300 -> 73,0005

------------------------------------

0 -> 10,1995
10 -> 15,588
20 -> 23,3499
30 -> 20,3991
40 -> 64,5329
50 -> 57,0918
60 -> 75,5022
70 -> 69,344
80 -> 120,727
90 -> 93,2071
100 -> 60,2992
110 -> 58,4389
120 -> 192,701
130 -> 62,7368
140 -> 64,4688
150 -> 68,3177
160 -> 71,1402
170 -> 59,0162
180 -> 70,4346
190 -> 74,8608
200 -> 61,1972
210 -> 205,402
220 -> 56,4503
230 -> 59,786
240 -> 57,7974
250 -> 57,2201
260 -> 87,6262
270 -> 76,1437
280 -> 62,0312
290 -> 136,186
300 -> 66,7781
10 -> 11,2259
20 -> 104,305
30 -> 14,8182
40 -> 146,193
50 -> 69,5365
60 -> 73,8344
70 -> 168,389
80 -> 90,7053
90 -> 63,699
100 -> 65,8159
110 -> 64,7254
120 -> 55,2956
130 -> 101,739
140 -> 58,4389
150 -> 80,0568
160 -> 65,88
170 -> 55,9371
180 -> 120,662
190 -> 58,7596
200 -> 68,1252
210 -> 56,5144
220 -> 64,6612
230 -> 56,3861
240 -> 55,1673
250 -> 54,3334
260 -> 89,6148
270 -> 57,7332
280 -> 56,8352
290 -> 54,8466
300 -> 126,436

,,,,----------------
10 -> 15,588
20 -> 18,7312
30 -> 21,5537
40 -> 100,52
50 -> 84,483
60 -> 127,077
70 -> 76,4003
80 -> 66,9706
90 -> 66,714
100 -> 56,4503
110 -> 71,91
120 -> 169,158
130 -> 57,7974
140 -> 58,5672
150 -> 59,2086
160 -> 61,4538
170 -> 57,0276
180 -> 54,3334
190 -> 58,3106
200 -> 65,6876
210 -> 140,933
220 -> 54,0127
230 -> 66,7781
240 -> 56,0654
250 -> 57,6691
260 -> 61,8387
270 -> 60,0426
280 -> 104,625
290 -> 60,8765
300 -> 60,3633
10 -> 14,5616
20 -> 16,7426
30 -> 18,7312
40 -> 119,315
50 -> 72,4873
60 -> 62,0953
70 -> 73,7702
80 -> 58,503
90 -> 65,8159
100 -> 196,806
110 -> 55,8729
120 -> 83,2
130 -> 76,5286
140 -> 129,771
150 -> 67,163
160 -> 85,8301
170 -> 64,982
180 -> 67,4837
190 -> 57,2842
200 -> 62,7368
210 -> 83,3925
220 -> 68,0611
230 -> 56,771
240 -> 60,3633
250 -> 58,1181
260 -> 59,8501
270 -> 72,4873
280 -> 59,9784
290 -> 55,8088
300 -> 100,392
10 -> 10,5844
20 -> 12,6372
30 -> 11,6108
40 -> 79,6719
50 -> 64,2122
60 -> 64,8537
70 -> 112,387
80 -> 79,0304
90 -> 63,3141
100 -> 60,6199
110 -> 75,3098
120 -> 64,9178
130 -> 64,3405
140 -> 61,7746
150 -> 57,7332
160 -> 83,5208
170 -> 84,9962
180 -> 57,3484
190 -> 63,5066
200 -> 163,257
210 -> 55,2956
220 -> 60,235
230 -> 68,3818
240 -> 154,982
250 -> 69,4723
260 -> 82,3019
270 -> 72,2307
280 -> 56,4503
290 -> 70,4346
300 -> 57,2842
